0 0.850961 0.59259 0.159392 0.0982459
0 0.850961 0.59259 0.159392 0.0982459
0 0.850961 0.59259 0.159392 0.0982459
0 0.850961 0.59259 0.159392 0.0982459
0 0.850961 0.59259 0.159392 0.0982459
0 0.850961 0.59259 0.159392 0.0982459
0 0.850961 0.59259 0.159392 0.0982459
0 0.850961 0.59259 0.159392 0.0982459
0 0.850961 0.59259 0.159392 0.0982459
0 0.850961 0.59259 0.159392 0.0982459
0 0.850961 0.59259 0.159392 0.0982459
0 0.850961 0.59259 0.159392 0.0982459
0 0.850961 0.59259 0.159392 0.0982459
0 0.850961 0.59259 0.159392 0.0982459
0 0.850961 0.59259 0.159392 0.0982459
0 0.850961 0.59259 0.159392 0.0982459
0 0.850961 0.59259 0.159392 0.0982459
0 0.850961 0.59259 0.159392 0.0982459
0 0.850961 0.59259 0.159392 0.0982459
0 0.850961 0.59259 0.159392 0.0982459
0 0.850961 0.59259 0.159392 0.0982459
0 0.850961 0.59259 0.159392 0.0982459
