0 0.646455 0.563577 0.387067 0.182167
0 0.646373 0.563178 0.387952 0.181485
0 0.646373 0.563178 0.387952 0.181485
0 0.646373 0.563178 0.387952 0.181485
0 0.646373 0.563178 0.387952 0.181485
0 0.646373 0.563178 0.387952 0.181485
0 0.646373 0.563178 0.387952 0.181485
0 0.646373 0.563178 0.387952 0.181485
0 0.646373 0.563178 0.387952 0.181485
0 0.646373 0.563178 0.387952 0.181485
0 0.646373 0.563178 0.387952 0.181485
0 0.646373 0.563178 0.387952 0.181485
0 0.646373 0.563178 0.387952 0.181485
0 0.646373 0.563178 0.387952 0.181485
0 0.646373 0.563178 0.387952 0.181485
0 0.646373 0.563178 0.387952 0.181485
0 0.646373 0.563178 0.387952 0.181485
0 0.646373 0.563178 0.387952 0.181485
0 0.646373 0.563178 0.387952 0.181485
0 0.646373 0.563178 0.387952 0.181485
0 0.646373 0.563178 0.387952 0.181485
0 0.646373 0.563178 0.387952 0.181485
0 0.646373 0.563178 0.387952 0.181485
