0 0.483218 0.465427 0.528343 0.336173
0 0.483218 0.465427 0.528343 0.336173
0 0.483218 0.465427 0.528343 0.336173
0 0.483218 0.465427 0.528343 0.336173
0 0.483218 0.465427 0.528343 0.336173
0 0.483218 0.465427 0.528343 0.336173
0 0.483218 0.465427 0.528343 0.336173
0 0.483218 0.465427 0.528343 0.336173
0 0.483218 0.465427 0.528343 0.336173
0 0.483218 0.465427 0.528343 0.336173
0 0.483218 0.465427 0.528343 0.336173
0 0.483218 0.465427 0.528343 0.336173
0 0.483218 0.465427 0.528343 0.336173
0 0.483218 0.465427 0.528343 0.336173
0 0.483218 0.465427 0.528343 0.336173
0 0.483218 0.465427 0.528343 0.336173
0 0.483218 0.465427 0.528343 0.336173
